Sample	percent.human	HPV6b	HPV11	HPV16	HPV18	HPV26	HPV30	HPV31	HPV33	HPV34	HPV35	HPV39	HPV40	HPV42	HPV43	HPV44	HPV45	HPV51	HPV52	HPV53	HPV54	HPV56	HPV58	HPV59	HPV61	HPV66	HPV67	HPV68	HPV69	HPV70	HPV72b	HPV73	HPV81	HPV82	HPV85	HPV97
E660.15	98.615	0.163543594488999	0.201457433682912	0.0993899513331962	0.155082596476798	0	0	0.159795051065872	0.158295633696621	0	0.0359860168620193	0	0	0	0.000107101240660772	0	0.036628624305984	0	0	0	0.000107101240660772	0.000214202481321544	0.000535506203303859	0.000428404962643087	0	0	0	0	0	0	0	0	0	0	0	0.000107101240660772
E660.13	98.536	0	0.00319957339021464	0.605919210771897	0.000799893347553659	0	0	0	0	0	0	0	0	0	0	0	0	0	0	0	0	0	0.0314624716704439	0	0	0	0	0	0	0	0	0	0	0	0	0
E555.07	72.32	0	0	27.0011949901382	0.000826982794622958	0	0	0	0	0	0	0	0	0	0	0	0	0	0	0	0	0	0.000413491397311479	0.000413491397311479	0	0	0	0	0	0.00010337284932787	0	0	0	0	0	0
E660.14	98.424	0.0274347790001752	0.0341205654792095	1.34453471536993	0.0280111399035402	0	0	0.0269736902774832	0.0262820571934452	0	0.00541779249163124	0	0	0	0	0	0.00691633084038031	0	0	0	0.000115272180673005	0.000115272180673005	0.000691633084038031	0.00023054436134601	0	0	0	0	0	0.00023054436134601	0	0	0	0	0	0.000115272180673005
E373.57	3.923	0	0.000184263186794963	95.8511300861246	0.00184263186794963	0	0	0	0	0	0	0	0	0	0	0	0.0136354758228273	0	0	0	0	0	0.0368526373589926	0.00119771071416726	0	0	0	0	0	0.0218351876352031	0	0	0	0	0	0
E373.59	5.345	0	0.000291307953289741	94.536616438702	0.00330149013728373	0	0	0	0	0	0	0	0	0	0	0	0	0	0	0	0	0	0.000971026510965802	0.000776821208772642	0	0	0	0	0	0	0	0	0	0	0	0
E373.65	4.318	0	0	0.220950346431238	0.249543920675281	0	0	0	0	0	0	0	0	0	0	0	0.497079201837551	0	0	0	0	0	0.000708931592827503	94.5425264431484	0	0	0	0	0	0	0	0	0	0	0	0
E389.47	98.086	0.00696773828304042	0.00598790008698786	0.207507955741797	1.52528145852182	0	0	0.00544354553362532	0.0067499964616954	0	0.000762096374707545	0	0	0	0	0.000217741821345013	0.000870967285380052	0	0	0	0	0.000544354553362532	0.000870967285380052	0.0206854730277762	0	0	0	0	0	0	0	0	0	0	0	0
E337.9	2.249	0	0	0.0819726099552278	97.5773637081907	0	0	0	0	0	0	0	0	0	0	0	0	0	0	0	0	0	0	0.000658414537792994	0	0	0	0	0	0	0	0	0	0	0	0
E775.02	0.378	0	0.000138433596172588	99.5453840701692	0.0091366173473908	0	0	0	0	0	0	0	0	0	0	0	0	0	0	0	0	0	0.000830601577035527	0.000276867192345176	0	0	0	0	0	0	0	0	0	0	0	0
E775.04	13.196	0	0.000397282192520964	86.5719612133395	0.000695243836911687	0	0	0	0	0	0	0	0	0	0	0	0	0	0	0	0	0	0.000595923288781446	0.000198641096260482	0	0	0	0	0	0	0	0	0	0	0	0
E660.12	92.894	1.04025177379464	1.12751144568163	0.132709584419312	1.06084464034247	0	0	1.0490921457975	1.0292273098852	0	0.137597790115008	0	0.000104004376504163	0	0.000208008753008327	0.00093603938853747	0.1323975712898	0	0	0	0.000104004376504163	0.000832035012033306	0.00520021882520817	0.00832035012033306	0	0	0	0	0	0	0	0	0	0	0	0.000832035012033306
E772.13	0.023	0	0	99.8178153753856	0.00306675854164131	0	0	0	0	0	0	0	0	0	0	0	0	0	0	0	0	0	0.00220423270180469	0.0010541982486892	0	0	0	0	0	0	0	0	0	0	0	0
E660.11	87.25	0.000131580678693141	0.00486848511164621	12.1772654903354	0.00105264542954513	0	0	0.000131580678693141	0	0	0	0	0	0	0	0	0	0	0	0	0	0	0.00131580678693141	0.000263161357386281	0	0	0	0	0	0	0	0	0	0	0	0
E772.16	2.695	0.188181795254327	0	96.8538719859387	0.0031040296124425	0	0	0	0	0	0	0	0	0	0	0	0	0	0	0	0	0	0.0031040296124425	0.00223102128394305	0	0	0	0	0	0	0	0	0	0	0	0
E660.10	84.542	2.18007368573369	2.56887167328948	0.223839894925479	2.20144477465745	0	0	2.13989158624681	2.09859640921183	0	0.449238098418317	0	0.000111307754811278	0	0	0.00166961632216917	0.443672710677753	0	0	0	0.000333923264433833	0.00133569305773533	0.0198127803564074	0.116427911532596	0	0	0	0	0	0	0	0.000222615509622555	0	0	0	0.0030053093799045
E620.10	0.06	0	0.000103357891168275	99.8212942061701	0.0057880419054234	0	0	0	0	0	0	0	0	0	0	0	0	0	0	0	0	0	0.00144701047635585	0.0012402946940193	0	0	0	0	0	0	0	0	0	0	0	0
E741.18	5.894	0	0.000556698643436746	48.6163811916023	0.497911266689825	0	0	0	0	0	0	0	0	0	0	0	0	0	0	0	0	0	0.000668038372124095	44.8371767807676	0	0	0	0	0	0	0	0	0	0	0	0
E620.09	0.122	0	0	0.42364526220684	99.3466533642937	0	0	0	0	0	0	0	0	0	0	0	0	0	0	0	0	0	0.000147150143177089	0.00206010200447925	0	0	0	0	0	0	0	0	0	0	0	0
E731.01	0.993	0	0.000730175221190937	98.8604051012127	0.0100138316049043	0	0	0	0.00010431074588442	0	0	0	0	0	0	0	0	0	0	0	0	0	0.00438105132714562	0.00146035044238187	0	0	0	0	0	0	0	0	0	0	0	0
E775.13	0.039	0	0	99.8410307549162	0.00531983694178221	0	0	0	0	0	0	0	0	0	0	0	0	0	0	0	0	0	0.00417242113080957	0.00114741581097263	0	0	0	0	0	0	0	0	0	0	0	0
E500.24	1.594	0.00283503249655999	0	0.0650032450996969	98.1702902769523	0	0	0	0	0	0	0	0	0	0	0	0	0	0	0	0	0	0.000405004642365713	0.00263253017537714	0	0	0	0	0	0	0	0	0	0	0	0
E772.27	0.037	0	0	99.4579910645276	0.00518875726020645	0	0	0	0	0	0	0	0	0	0	0	0	0	0	0	0	0	0.00605355013690752	0.00302677506845376	0	0	0	0	0	0	0	0	0	0	0	0
E540.31	0.093	0	0	0.02854436989963	99.7554920252784	0	0	0	0	0	0	0	0	0	0	0	0	0	0	0	0	0	0.00154891929687915	0.00420420952010055	0	0	0	0	0	0	0	0	0	0	0	0
E772.25	5.332	0	0.000446106936293699	87.5411254831896	0.00468412283108384	0	0	0	2.48169288660185	0	0	0	0	0	0	0	0	0	0	0	0	0	4.49943455945825	0.000892213872587398	0	0	0	0	0	0	0	0	0	0	0	0
E540.20	0.286	0	0	0.0465181711606096	0.0232590855803048	0	0	0	0	0	0	0	0	0	0	0	0	0	0	0	0	0	99.540164126612	0.000562719812426729	0	0	0	0	0	0	0	0	0	0	0	0
E555.21	98.837	0	0.000491680157140978	0.354501393298645	0.558794498590722	0	0	0	0	0	0	0	0	0	0	0	0	0	0	0	0	0	0.00417928133569831	0.00565432180712125	0	0	0	0	0	0	0	0	0	0	0	0
E540.18	0.559	0	0	98.6745999495919	0.00257184447542088	0	0	0	0	0	0	0	0	0	0	0	0	0	0	0	0	0	0.0383204826837711	0.00154310668525253	0	0	0	0	0	0	0	0	0	0	0	0
E555.17	0.57	0	0.000254329967700094	99.3311121849488	0.000762989903100282	0	0	0	0	0	0	0	0	0	0	0	0	0	0	0	0	0	0.000762989903100282	0.000381494951550141	0	0	0	0	0	0	0	0	0	0	0	0
E337.03	0.021	0	0	99.8899789461372	0.00121839483790475	0	0	0	0	0	0	0	0	0	0	0	0	0	0	0	0	0	0.0014620738054857	0.00073103690274285	0	0	0	0	0	0	0	0	0	0	0	0
E337.2	1.233	0	0	98.5852345341971	0.00171546133043829	0	0	0	0	0	0	0	0	0	0	0	0	0	0	0	0	0	0.00147039542608996	0.00036759885652249	0	0	0	0	0	0	0	0	0	0	0	0
E337.07	2.642	0	9.58520963812e-05	97.2651479860516	0.0008626688674308	0	0	0	0	0	0	0	0	0	0	0	0	0	0	0	0	0	0.0017253377348616	0.0001917041927624	0	0	0	0	0	0	0	0	0	0	0	0
E337.06	0.252	0	0.000221605174924045	98.4811181310706	0.00509691902325303	0	0	0	0	0	0	0	0	0	0	0	0	0	0	0	0	0	0.00332407762386067	0.00155123622446831	0	0	0	0	0	0	0	0	0	0	0	0
E337.5	0.11	0	0	99.7079503273071	0.00252185037861704	0	0	0	0	0	0	0	0	0	0	0	0	0	0	0	0	0	0.00193988490662849	0.00242485613328561	0	0	0	0	0	0	0	0	0	0	0	0
S51423.T	0.421	0	0	98.8610348269577	0.0151464738512269	0	0	0	0	0	0	0	0	0	0	0	0.0312861591025342	0	0	0	0	0	0.136318264661042	0	0	0	0	0	0	0	0	0	0	0	0	0
S51425.T	0.057	0	0	99.8803752439715	0.0127006319921321	0	0	0	0	0	0	0	0	0	0	0	0	0	0	0	0	0	0.0455920122794486	0	0	0	0	0	0	0	0	0	0	0	0	0
S51434.T	0.142	0	0	99.7039468590806	0.00263227165043432	0	0	0	0	0	0	0	0	0	0	0	0	0	0	0	0	0	0.105910224052769	0	0	0	0	0	0	0	0	0	0	0	0	0
S51435.T	32.034	0	0	4.92389525742633	0.0701496474980213	0	0	0.000304998467382701	0	0	0	0	0	0	0	0	0	0	0	0	0	0	62.5869055007999	0	0	0	0	0	0	0	0	0	0	0	0	0
S51436.T	0.836	0	0.000403148319610612	98.4230181564565	0.00698790420658395	0	0	0	0	0	0	0	0	0	0	0	0	0	0	0	0	0	0.707122152597014	0	0	0	0	0	0	0	0	0	0	0	0	0
S51445.T	0.08	0	0	99.8405647714885	0.0165614888531293	0	0	0	0	0	0	0	0	0	0	0	0	0	0	0	0	0	0.00271905040872271	0	0	0	0	0	0	0	0	0	0	0	0	0
S51446.T	40.121	0.0387794974768679	0.0379578979540529	28.2791269354831	1.86338771774441	0	0	0.0423945353772539	0.0373006183358009	0	0.00180751895019299	0	0	0	0.000164319904562999	0	0.00197183885475599	0	0	0	0	0.000164319904562999	29.4724180824196	0	0	0	0	0	0	0	0	0	0	0	0	0
S51450.T	0.205	0	0	0.0757253064508495	99.464354817605	0	0	0	0	0	0	0	0	0	0	0	0	0	0	0	0	0	0.243137626104443	0	0	0	0	0	0	0	0	0	0	0	0	0
S51451.T	0.259	0	0	0.0244792995312858	99.2091897867209	0	0	0	0	0	0	0	0	0	0	0	0	0	0	0	0	0	0.498733518345302	0.000644192092928575	0	0	0	0	0	0	0	0	0	0	0	0
S51453.T	7.066	0	0	2.43062219322151	77.7320510113998	0	0	0	0	0	0	0	0	0	0	0	0.00143937358461598	0	0	0	0	0	12.7239425402065	0.00467796415000192	0	0	0	0	0	0	0	0	0	0	0	0
S51454.T	32.047	0	0.000417940223402981	43.9951741835538	0.682357071409266	0	0	0	0	0	0	0	0	0	0	0	0	0	0	0	0	0	22.5793598827538	0.173166565896635	0	0	0	0	0	0	0	0	0	0	0	0
S51455.T	0.062	0	0	99.7408259051607	0.152275220061355	0	0	0	0	0	0	0	0	0	0	0	0	0	0	0	0	0	0.00306220735041117	0.00292301610721066	0	0	0	0	0	0	0	0	0	0	0	0
S51458.T	11.121	0	0	12.4490838144633	1.61035815637538	0	0	0	0	0	0	0	0	0	0	0	0	0	0	0	0	0	11.7831979645758	62.9177267834426	0	0	0	0	0	0	0	0	0	0	0	0
S51468.T	40.485	0	0.00153887716682454	7.84776059174957	19.2140783322675	0	0	0	0	0	0	0	0	0	0	0	0	0	0	0	0	0	32.1816832580423	0.0333423386145318	0	0	0	0	0	0	0	0	0	0	0	0
S51472.T	0.075	0	0	0.116617090319091	99.7121191635118	0	0	0	0	0	0	0	0	0	0	0	0	0	0	0	0	0	0.013379980169461	0.00183094465476834	0	0	0	0	0	0	0	0	0	0	0	0
S51481.T	0.151	0	0	99.7108077026267	0.0849375978299118	0	0	0	0	0	0	0	0	0	0	0	0	0	0	0	0	0	0.0210321670816924	0.000404464751571009	0	0	0	0	0	0	0	0	0	0	0	0
S51484.T	0.134	0	0.00012279762460275	99.7968927289071	0	0	0	0	0	0	0	0	0	0	0	0	0	0	0	0	0	0	0.0569780978156759	0	0	0	0	0	0	0	0	0	0	0	0	0
S51485.T	42.952	0	0.000768365865090321	5.82626223302488	0.00268928052781613	0	0	0	0.000128060977515054	0	0	0	0	0	0	0	0	0	0	0	0	0	51.1351325046934	0	0	0	0	0	0	0	0	0	0	0	0	0
S51486.T	72.759	0.00186482504833005	0.00217562922305172	27.111137356797	0.00668228975651601	0	0	0.000932412524165025	0.00170942296096921	0	0.00512826888290764	0	0	0	0	0	0.00264183548513424	0	0	0	0	0	0.0478638429071379	0.000310804174721675	0	0	0	0	0	0	0	0	0	0	0	0
S51487.T	42.896	0.00643713161415273	0.00783650805201202	5.32294809432917	4.21548158140733	0	0	0.00447800460114973	0.00447800460114973	0	0.00643713161415273	0	0	0	0	0	0.00741669512065424	0	0	0	0	0	47.4038768324834	0	0	0	0	0	0	0	0	0	0	0	0	0
S51417.T	0.111	0	0	99.7082195647775	0.000874342057601655	0	0	0	0	0	0	0	0	0	0	0	0	0	0	0	0	0	0.00424680427977947	0.000124906008228808	0	0	0	0	0	0	0	0	0	0	0	0
S51418.T	25.29	0	0.000526675453368814	53.6463716669673	0.386316445046025	0	0	0	0	0	0	0	0	0	0	0	0	0	0	0	0	0	12.3181488411165	0.493758237533263	0	0	0	0	0	0	0	0	0	0	0	0
S51420.T	0.349	0	0	99.5208495720882	0.00105510691530261	0	0	0	0	0	0	0	0	0	0	0	0.00237399055943088	0	0	0	0	0	0.0851998834106859	0	0	0	0	0	0	0	0	0	0	0	0	0
S51424.T	52.511	0.0173816006263219	0.0195725586884633	11.413138737307	0.0148985148225616	0	0	0.0132918122436579	0.0151906425641805	0	0.0134378761144673	0	0	0	0	0	0.0147524509517522	0	0	0	0	0	35.9255775365452	0.000146063870809428	0	0	0	0	0	0	0	0.000146063870809428	0	0	0	0
S51427.T	1.976	0	0	0.178671864941237	0.00914818018978521	0	0	0	0	0	0	0	0	0	0	0	96.4956822848314	0	0	0	0	0	1.26617590256398	0	0	0	0	0	0	0	0	0	0	0	0	0.000112940496170188
S51429.T	32.769	0	0.00382943959697276	25.6224966811524	1.66495523810604	0	0	0	0	0	0	0	0	0	0	0	0.202960298639556	0	0	0	0	0	39.2429623410073	0.000283662192368352	0	0	0	0	0	0	0	0	0	0	0	0
S51430.T	0.141	0	0	99.6730552423901	0.000367629037792265	0	0	0	0	0	0	0	0	0	0	0	0.00147051615116906	0	0	0	0	0	0.00416646242831234	0.000367629037792265	0	0	0	0	0	0	0	0	0	0	0	0
S51431.T	0.054	0	9.41818236614879e-05	99.9222999954793	0.00103600006027637	0	0	0	0	0	0	0	0	0	0	0	0.00150690917858381	0	0	0	0	0	0.0023545455915372	0	0	0	0	0	0	0	0	0	0	0	0	0
S51432.T	0.05	0	0	99.9221488589157	0.00209277260979208	0	0	0	0	0	0	0	0	0	0	0	0.00324379754517773	0	0	0	0	0	0.00303452028419852	0	0	0	0	0	0	0	0	0	0	0	0	0
S51441.T	0.092	0	0	99.8295558224734	0.00140365793257228	0	0	0	0	0	0	0	0	0	0	0	0.0010026128089802	0	0	0	0	0	0.000501306404490101	0	0	0	0	0	0	0	0	0	0	0	0	0
S51448.T	0.062	0	0	99.9132952064325	0.00239335691152521	0	0	0	0	0	0	0	0	0	0	0	0.00130546740628648	0	0	0	0	0	0.00130546740628648	0	0	0	0	0	0	0	0	0	0	0	0	0
S51449.T	0.689	0	0.000487809637167192	98.800963911843	0.0175611469380189	0	0	0	0	0	0	0	0	0	0	0	0.00158538132079337	0	0	0	0	0	0.379759802534659	0	0	0	0	0	0	0	0	0	0	0	0	0
S51459.T	2.82	0	0	0.00182417395322818	97.0568980124611	0	0	0	0	0	0	0	0	0	0	0	0.00283760392724384	0	0	0	0	0	0.107220891250856	0	0	0	0	0	0	0	0	0	0	0	0	0
S51460.T	2.581	0	0	0.211308273834523	95.260132297354	0	0	0	0	0	0	0	0	0	0	0	0.0380617387652247	0	0	0	0	0	1.82827593448131	0	0	0	0	0	0	0	0	0	0	0	0	0
S51461.T	3.681	0	0	0.0453405406361831	0.0847094003105274	0	0	0.000110586684478495	0	0	0	0	0	0	0	0	94.9068196596584	0	0	0	0	0	1.25659649572914	0	0	0	0	0	0	0	0	0	0	0	0	0
S51466.T	22.69	0	0.000288571140000289	64.3011528417043	0.0585799414200586	0	0	0.0176028395400176	0	0	0	0	0	0	0	0	0.0415542441600416	0	0	0	0	0	12.6320573679426	0	0	0	0	0	0	0	0	0	0	0	0	0
S51466.N	46.221	0.00104607799208816	0.00400996563633796	10.4264336934747	0.278256745895451	0	0	6.05818634484658	0.00139477065611755	0	0.00435865830036735	0	0	0	0	0	0.178181951319017	0	0	0	0	0	36.6924059968164	0	0	0	0	0	0	0	0	0	0	0	0	0
S51468.N	14.023	0	0.000133980010182481	79.4134355154211	6.31300409978831	0	0	0.00107184008145985	0	0	0	0	0	0	0	0	0.18850987432675	0	0	0	0	0	0.0123261609367882	0	0	0	0	0	0	0	0	0	0	0	0	0
S51475.T	0.061	0	0	99.9162416999567	0.00741025174646161	0	0	0	0	0	0	0	0	0	0	0	0.00134731849935666	0	0	0	0	0	0.00101048887451749	0	0	0	0	0	0	0	0	0	0	0	0	0
S51480.T	0.674	0	0	0.0270549308388894	98.9136564168906	0	0	0	0	0	0	0	0	0	0	0	0	0	0	0	0	0	0.323207947722825	0	0	0	0	0	0	0	0	0	0	0	0	0
S51490.T	0.086	0	0	99.8245394159669	0.0175657952519063	0	0	0	0	0	0	0	0	0	0	0	9.86842429882378e-05	0	0	0	0	0	0.0209210595135064	0	0	0	0	0	0	0	0	0	0	0	0	0
S51491.N	8.262	0	0	56.4268837670699	0.259240164877722	0	0	0	0	0	0	0	0	0	0	0	0.00219902119123421	0	0	0	0	0	35.0147700923345	0	0	0	0	0	0	0	0	0	0	0	0	0
S51480.N	3.246	0	0	8.16977333246736	87.9327141650971	0	0	0	0	0	0	0	0	0	0	0	0	0	0	0	0	0	0.624147561213223	0	0	0	0	0	0	0	0	0	0	0	0	0
S51482.T	1.355	0	0	0.0311463037722966	96.9447529601824	0	0	0	0	0	0	0	0	0	0	0	0	0	0	0	0	0	1.61669852602684	0	0	0	0	0	0	0	0	0	0	0	0	0
S16142.01.01	0.342	0	0	0.0489995661821848	95.5960469521958	0	0	0.000312099147657228	0.000624198295314455	0	0.000780247869143069	0	0	0	0	0	0.0181797753510335	0	0	0	0	0	3.69010427232523	7.80247869143069e-05	0	0	0.00163852052520045	0	0	0	0	0	0	0	0	0
S16142.01.02	0.753	0	0	94.0487197388532	0.724569315244259	0	0	0.00584938770119063	0	0	0	0	0	0	0	0	0.0347189463554541	0	0	0	0	0	4.13797007377776	0	0	0	0	0	0	0	0	0.00188689925844859	0	0	0	0
S16142.01.03	0.62	0	0	93.3584521490446	0.76781199486053	0	0	0.00129522941103328	0.000582853234964977	0	0	0	0	0	0	0	0.0301788452770755	0	0	0	0	0	4.90963184399221	0.000453330293861649	0	0	0	0	0	0	0	0.000129522941103328	0	0	0	0
S16142.01.04	0.119	0	0	0.0758931392333247	0.0090076888018295	0	0	0.000806658698671299	0.000268886232890433	0	0	0	0	0	0	0	98.4631807359147	0	0	0	0	0	1.15110196300394	0.000403329349335649	0	0	6.72215582226082e-05	0	0	0	0	0	0	0	0	0
S16142.01.05	1.214	0	0	8.30571151056889	6.32521592933459	0	0	0.000435560937152912	0.000435560937152912	0	0	0	0	0	0	0	70.0559115056325	0	0	0	0	0	13.8302212504374	0	0	0	0.000145186979050971	7.25934895254854e-05	0	0	0	0.000290373958101942	0	0	0	0
S16142.01.06	0.143	0	0.00010694031981572	98.4166950949684	0.460217666326953	0	0	5.34701599078602e-05	0	0	0	0	0	0	0	0	0.00395679183318166	0	0	0	0	0	0.885947079513336	0	0	0	0	0	0	0	0	0	0	0	0	0
S16142.01.07	0.104	0	2.89662971339587e-05	99.2883560120129	0.00118761818249231	0	0	2.89662971339587e-05	0	0	0	0	0	0	0	0	0.00257800044492232	0	0	0	0	0	0.552937645990138	0	0	0	0	0	0	0	0	0	0	0	0	0
S16142.01.08	5.773	0	0.000153721284863987	39.9976634364701	12.5189077180383	0	0	16.8970436322495	0.000768606424319937	0	0.00430419597619165	0	0	0	0	0	0.169400855920114	0	0	0	0	0	24.1463857051503	0	0	0	0.00284384376998377	0	0	0	0	0	0	0	0	0
S16142.01.09	1.04	0	0	66.7111080280387	8.69093683856112	0	0	0.0130278610113342	0.00084596500073599	0	0.00253789500220797	0	0	0	0	0	0.00152273700132478	0	0	0	0	0	23.2886551017611	0	0	0	0.00541417600471033	0	0	0	0	8.4596500073599e-05	0	0	0	0
S16142.01.10	1.075	0	0	75.6765818946002	4.28907644862847	0	0	0.00224245893096644	0.000427135034469797	0	0.00213567517234899	0	0	0	0	0	0.000640702551704696	0	0	0	0	0	18.7477041491897	0	0	0	0.00384421531022818	0	0	0	0	0	0	0	0	0
S16142.01.11	2.138	0	0	0.0604043673497299	77.9094227556765	0	0	0.00113970504433453	0.000651260025334015	0	0.000244222509500256	0	0	0	0	0	0.00113970504433453	0	8.14075031667519e-05	0	0	0	19.6564114921344	8.14075031667519e-05	0	0	0.00472163518367161	0	0	0	0	0	0	0	0	0
S16142.01.12	7.194	0	0	12.467780148875	0.0157108530909213	0	0	0.0127703190899467	0.00100818308604843	0	0.00151227462907264	0	0	0	0	0	0.00151227462907264	0	0.000504091543024213	0	0	0	76.5284895737066	3.48285248601146	0	0	0.0470485440155932	0	0	0	0	0	0	0	0	0
S16142.01.13	0.114	0	0.000416253535033146	99.4179943073167	0.00765906504460989	0	0	0.00183151555414584	0.000832507070066293	0	0.00158176343312596	0	0	0	0	0	0.00133201131210607	0	0	0	0	0	0.299536043809852	0.000166501414013258	0	0	0.0019980169681591	0	0	0	0	0	0	0	0	0
S16142.01.14	14.414	0	0	0.472274086048004	5.45203675161196	0	0	0.885653143087074	0.00139231747066039	0	0.00111385397652831	0.0119739302476794	0	0	0	0	0.00118346985006133	0	0	0	0	0	61.9589628348698	0.000208847620599059	0	0	1.24779491720584	0	0	0	0	0	0	0	0	0
S16142.01.15	2.162	0.000794666200462496	0.000198666550115624	0.044898640326131	0.161317238693887	0	0	94.8068563799776	0.000397333100231248	0	0	0	0	0	0	0	0	0	0	0	0	0	2.25009734660956	0	0	0	0.148602579486487	0	0	0	0	0.00576132995335309	0	0	0	0
S16142.01.16	1.339	0	0	0.440443199158922	0.147154641665688	0	0	0.0190535489786787	0.00119084681116742	0	0.00170120973023917	0	0	0	0	0	0.000935665351631545	0	0.000340241946047835	0	0	0	1.85499908985279	0	0	0	95.9326627164577	0	0	0	0	0	0	0	0	0
S16142.01.17	14.676	0	9.9733213653477e-05	35.2118084124966	16.3786870122423	0	0	9.9733213653477e-05	0.00139626499114868	0	0.00119679856384172	0	0	0	0	0	0.0115690527838033	0	0	0	0	0	33.3827012740918	0	0	0	0.00189493105941606	0	0	0	0	0	0	0	0	9.9733213653477e-05
S16142.01.18	1.47	0	0	21.5405195828642	18.1845589070447	0	0	0.000701115755613483	0.00224357041796315	0	0	0	0	0	0	0	26.5950733998085	0	0	0	0	0	31.7337611074264	0.000210334726684045	0	0	0.000210334726684045	0	0	0	0	7.01115755613483e-05	0	0	0	0.00336535562694472
S16142.01.19	5.903	0	0	43.6989760400977	9.99689900894857	0	0	0.00727783614110142	0	0	0	0	0	0	0	0	0.00996747123672586	0	0	0	0	0	40.0882200311365	0	0	0	0.000316427658308757	0	0	0	0	0.0030060627539332	0	0	0	0
S16142.01.20	5.843	0	0	33.3902865699079	12.2792907654218	0	0	0.00593005500126014	0	0	0	0	0	0	0	0	0.00240908484426193	0	0	0	0	0	47.5886913851126	0	0	0	0.000185314218789379	0	0	0	0	0.00240908484426193	0	0	0	0
S16142.01.21	45.638	0	0	11.7966656680268	6.41852575435991	0	0	0.00016878420517408	0.000759528923283359	0	0.000843921025870399	0	0	0	0	0	0.00185662625691488	0	8.43921025870399e-05	0	0	0	35.7005599416007	0	0	0	0.00405082092417792	0	0	0	0	0	0	0	0	0
S16142.01.23	1.506	0	0.000124637460785939	94.4188591434664	0.732182763386998	0	0	0.00118405587746642	0.000997099686287511	0	6.23187303929694e-05	0	0	0	0	0	0.00168260572061018	0	0	0	0	0	3.08041484332448	0	0	0	0.000249274921571878	0	0	0	0	0.000249274921571878	0	0	0	0
S16142.01.24	5.793	0	0	25.8237724160315	10.7279321634405	0	0	5.2689923775252	0.00359223698680641	0	0	0	0	0	0	0	0.00302504167310013	0	0	0	0	0	50.5262627185671	0.000252086806091678	0	0	0.000252086806091678	0	0	0	0	0.000189065104568758	0	0	0	0
S16142.01.25	0.151	0	9.11196601601155e-05	98.9753594214995	0.0802764206010617	0	0	0.000364478640640462	0.000364478640640462	0	0.00291582912512369	0	0	0	0	0	0.000911196601601155	0	0	0	0	0	0.650958852183865	0	0	0	0.00191351286336242	0	0	0	0	0	0	0	0	0
S16142.01.26	0.359	0	0	87.9660294654816	0.0138499939120906	0	0	7.60988676488494e-05	0.000532692073541946	0	0.00228296602946548	0	0	0	0	0	0.00106538414708389	0	0	0	0	0	11.0780165591136	7.60988676488494e-05	0	0	0.00121758188238159	0	0	0	0	0	0	0	0	0
S16142.01.27	0.183	0	0.000165232449009266	99.2809083819117	0.00760069265442625	0	0	0.000413081122523166	0.00115662714306486	0	0.0017349407145973	0	0	0	0	0	0.00115662714306486	0	0	0	0	0	0.297583640665688	0	0	0	0.000578313571532432	0	0	0	0	0	0	0	0	0
S16142.01.28	0.34	0	0.000439871346428597	99.2858248819385	0.0253365895542872	0	0	0.000615819885000035	0.00211138246285726	0	0.00378289357928593	0	0	0	0	0	0.00483858481071456	0	0	0	0	0	0.244480494345014	8.79742692857193e-05	0	0	0.0031670736942859	0	0	0	0	0	0	0	0	0
S16142.01.29	0.113	0	0	0.0915290222351254	99.3338105548698	0	0	0.000110809954279813	0.00121890949707794	0	0.00155133935991738	0	0	0	0	0	0.00554049771399064	0	0	0	0	0	0.206660564731851	0.000110809954279813	0	0	0.00177295926847701	0	0	0	0	0	0	0	0	0
S16142.01.30	0.458	0	0	1.08107620811979	96.9014617787454	0	0	0	0.00180299567731786	0	0.00117194719025661	0	0	0	0	0	0.135945874069767	0	0	0	0	0	1.06403789896914	0	0	0	0.00153254632572018	0	0	0	0	0	0	0	0	0
S16142.01.31	0.896	0	0	0.267128944561065	97.8481279465914	0	0	0.000967858494786469	0.00193571698957294	0	0.00344127464812967	0	0	0	0	0	0.0111841426064214	0	0	0	0	0	0.762457414226229	0	0	0	0.00258095598609725	0	0	0	0	0	0	0	0	0
S16142.01.32	0.342	0	0.000374800652902737	98.1972088595378	0.232626271901632	0	0	0.0029984052232219	0.000499734203870317	0	0	0	0	0	0	0	0.00112440195870821	0	0	0	0	0	0.903019706393662	0.000312333877418948	0	0	6.24667754837896e-05	0	0	0	0	0.000249867101935158	0	0	0	0
S16142.01.33	2.576	0	0	2.33030998131541	1.61424452888136	0	0	0.000372203027180392	0.00218004630205658	0	0	0	0	0	0	0	0.000584890471283473	0	0.000106343722051541	0	0	0	93.2490878367241	0	0	0	0.000372203027180392	0	0	0	0	0.000106343722051541	0	0	0	0
S16142.01.34	0.107	0	9.02729130707956e-05	98.6981743206061	0.328773949403838	0	0	0.000180545826141591	0.00171518534834512	0	0.0020762770006283	0	0	0	0	0	0.00243736865291148	0	0	0	0	0	0.496501021889376	9.02729130707956e-05	0	0	0.00126382078299114	0	0	0	0	0	0	0	0	0
S16142.01.35	0.036	0	0.00022041546846369	99.6551232636772	0.0208659976812293	0	0	0.00102860551949722	0.000661246405391068	0	0	0	0	0	0	0	0.000881661873854758	0	0	0	0	0	0.0792026250012858	0.000293887291284919	0	0	0	0	0	0	0	7.34718228212298e-05	0	0	0	0
S16142.01.36	6.009	0	0	19.4178801709773	5.27156861106003	0	0	0.00104492334442345	0.00250781602661629	0	0	0	0	0	0	0	0.00383138559621933	0	0	0	0	0	50.9473971656106	18.055021483624	0	0	0.000278646225179588	0	0	0	0	0.000278646225179588	0	0	0	0
S16142.01.37	0.508	0	0	24.9556305720906	62.4753436737089	0	0	0.00159458860411308	0.000797294302056541	0	0	0	0	0	0	0	0.71310002375937	0	0	0	0	0	10.8496605918156	0.00111621202287916	0	0	0.000318917720822616	0	0	0	0	0.000159458860411308	0	0	0	0.000318917720822616
S16142.01.38	2.53	0	0.000128380169628718	86.4879229564926	2.25255845630549	0	0	0.0028243637318318	0.000513520678514872	0	0	0	0	0	0	0	0.00205408271405949	0	0	0	0	0	8.55262271058039	0.00102704135702974	0	0	0.000128380169628718	0	0	0	0	0	0	0	0	0
S16142.01.39	0.214	0	0.000622159453246272	99.2248515372005	0.0258196173097203	0	0	0.00161761457844031	0.0013687507971418	0	0	0	0	0	0	0	0.00174204646908956	0	0	0	0	0	0.30709790612236	0.000124431890649255	0	0	0.000124431890649255	0	0	0	0	0.000373295671947763	0	0	0	0
S16142.01.40	1.3	0	0	0.778215468940157	92.6932504005376	0	0	0.000262003356262994	0.000262003356262994	0	0	0	0	0	0	0	0.00720509229723233	0	0	0	0	0	4.98487585625972	6.55008390657484e-05	0	0	0.000131001678131497	0	0	0	0	0.000262003356262994	0	0	0	0
S16142.01.41	0.787	0	0	1.67462260183306	95.2985365343132	0	0	9.69054222459964e-05	0.000969054222459964	0	0.00213191928941192	0	0	0	0	0	0.00300406808962589	0	0	0	0	0	1.82802388524848	0	0	0	0.000581432533475978	0	0	0	0	0	0	0	0	0
S16142.01.42	0.128	0	0.000101257517104926	97.9895319978817	0.315923453367369	0	0	0.000607545102629556	0.00384778564998719	0	0.00243018041051823	0	0	0	0	0	0.00141760523946897	0	0	0	0	0	0.353388734696192	0.000101257517104926	0	0	0.002733952961833	0	0	0	0	0	0	0	0	0
S16142.01.43	0.335	0	0	0.178968354315429	0.0236109694608177	0	0	0.000279419756932753	97.7059637955821	0	0.000139709878466377	0	0	0	0	0	0.00111767902773101	0	0.000139709878466377	0	0	0	1.17719543595769	6.98549392331884e-05	0	0	0.000279419756932753	0	0	0	0	0.000279419756932753	0	0	0	0
S16142.01.44	0.467	0	0	0.0468380895489967	97.8770975318363	0	0	0.000169703223003611	0.0733117923375601	0	0.00101821933802167	0	0	0	0	0	0.00288495479106139	0	0	0	0	0	1.29449618507155	0	0	0	0.000678812892014445	0	0	0	0	0	0	0	0	0
S16142.01.45	17.054	0	0	9.11601502694233	0.618214279008877	0	0	0.0119478187550031	3.00248685313229	0	0	0	0	0	0	0	0.000512049375214421	0	0	0	0	0	69.5433031622463	0.00187751437578621	0	0	0.000853415625357368	0	0	0	0	0.00341366250142947	0	0	0	0
S16142.01.46	0.517	0	0.000391684281579219	98.4685797397388	0.059144326518462	0	0	0.00130561427193073	0.0107713177434285	0	0	0	0	0	0	0	0.0014361756991238	0	0	0	0	0	0.759998067690878	0	0	0	0.000195842140789609	0	0	0	0	6.52807135965365e-05	0	0	0	0
S16142.01.47	0.301	0	0	31.1721595377399	8.43293751940492	0	0	0.000371830839277979	59.2724385967848	0	0.00539154716953069	0	0	0	0	0	0.00204506961602888	0	0	0	0	0	0.429929407915163	0.03495209889213	0	0	0.00204506961602888	0	0	0	0	0	0	0	0	0
S16142.01.48	0.946	0	0	0.206363522335641	96.2133338908035	0	0	0.00388238175161119	0.331719656200164	0	0	0	0	0	0	0	0.00634620094013367	0	0	0	0	0	1.71929782646351	0.000746611875309844	0	0	0.000821273062840828	0	0	0	0	0	0	0	0	0
S16142.01.49	11.977	0	6.80962335973197e-05	1.82184663366269	0.19257614861322	0	0	60.7283573145569	0.244601671081572	0	0	0	0	0	0	0	0.00190669454072495	0	0.000408577401583918	0	0	0	11.2417348196471	0.000408577401583918	0	0	13.4913619927682	0	0	0	0	0	0	0	0	0
S16142.01.50	6.26	0	6.38145396323389e-05	25.4280519782188	0.0119333189112474	0	0	0.000255258158529356	0.000510516317058711	0	0.0278231392796998	0	0	0	0	0	0.213268191451277	0	0	0	0	0	67.8985425397293	0	0	0	0	0	0	0	0	0.00057433085669105	0	0	0	6.38145396323389e-05
S16142.01.51	0.377	0	7.20239004111124e-05	0.604928739552933	0.0185101424056559	0	0	0.000144047800822225	0.00144047800822225	0	0.00453750572590008	0	0	0	0	0	97.4304753289332	0	0	0	0	0	1.43946967361649	0	0	0	0.000864286804933349	7.20239004111124e-05	0	0	0	0	0	0	0	0
S16142.01.52	0.171	0	0.000256485229015661	99.2556157440893	0.00333430797720359	0	0	0.00153891137409397	0.000512970458031322	0	0.00179539660310963	0	0	0	0	0	0.0101311665461186	0	0	0	0	0	0.21192092047419	0.00012824261450783	0	0	0	0	0	0	0	0.000384727843523491	0	0	0	0
S16142.01.54	11.176	0	0	20.8293209519149	0.123266333723054	0	0	0.000149413737846126	0.00134472364061514	0	0.874145073268762	0	0	0	0	7.47068689230631e-05	0.261324627492875	0	0	0	0	0	64.0484399338097	0	0	0	0.00112060303384595	0	0	0	0	0.0247279736135339	0	0	0	7.47068689230631e-05
S16142.01.55	1.001	0	0	97.0464396341225	0.339902164280581	0	0	0	0.000728622002745083	0	0.00928993053499981	0	0	0	0	0	0.00400742101509796	0	0	0	0	0	1.45633322798674	0	0	0	0.00109293300411763	0	0	0	0	0.000182155500686271	0	0	0	0
S16142.01.56	1.008	0	0	0.327667996174106	96.8468071148402	0	0	0.000275640795940362	0.000826922387821087	0	0.00675319950053888	0	0	0	0	0	0.0221890840731992	0	0	0	0	0	1.44421995032953	0.000137820397970181	0	0	6.89101989850906e-05	0	0	0	0	0.000620191790865815	0	0	0	0
S16142.01.57	7.923	0	0	8.42701099336253	4.79148509391822	0	0	0.00869698769653804	0.000185042291415703	0	0.0333076124548266	0	0	0.000370084582831406	0	0	0.0307170203750067	0	0	0	0	0	15.6693812370817	0	0	0	0	0	0	0	0	62.5911101982358	0	0	0	0
S16142.01.58	8.231	0	0	7.2164102375553	5.12810075254514	0	0	0.000656556570883817	0.00183835839847469	0	0.000131311314176763	0	0	0.000262622628353527	0	0	0.00709081096554522	0	0	0	0	0	14.9740857121472	0.000131311314176763	0	0	0	0	0	0	0	64.0954160533334	0	0	0	0
S16142.01.59	0.153	0	0.000141740631652951	98.5285905028107	0.347193677233903	0	0	0.00212610947479426	0.000425221894958853	0	0	0	0	0	0	0	0.00155914694818246	0	0	0	0	0	0.5931845434676	0.000283481263305902	0	0	0	0	0	0	0	0.000850443789917705	0	0	0	0
