HPV.type	E660.15	E660.13	E555.07	E660.14	E373.57	E373.59	E373.65	E389.47	E337.9	E775.02	E775.04	E660.12	E772.13	E660.11	E772.16	E660.10	E620.10	E741.18	E620.09	E731.01	E775.13	E500.24	E772.27	E540.31	E772.25	E540.20	E555.21	E540.18	E555.17	E337.03	E337.2	E337.07	E337.06	E337.5	S51423.T	S51425.T	S51434.T	S51435.T	S51436.T	S51445.T	S51446.T	S51450.T	S51451.T	S51453.T	S51454.T	S51455.T	S51458.T	S51468.T	S51472.T	S51481.T	S51484.T	S51485.T	S51486.T	S51487.T	S51417.T	S51418.T	S51420.T	S51424.T	S51427.T	S51429.T	S51430.T	S51431.T	S51432.T	S51441.T	S51448.T	S51449.T	S51459.T	S51460.T	S51461.T	S51466.T	S51466.N	S51468.N	S51475.T	S51480.T	S51490.T	S51491.N	S51480.N	S51482.T	S16142.01.01	S16142.01.02	S16142.01.03	S16142.01.04	S16142.01.05	S16142.01.06	S16142.01.07	S16142.01.08	S16142.01.09	S16142.01.10	S16142.01.11	S16142.01.12	S16142.01.13	S16142.01.14	S16142.01.15	S16142.01.16	S16142.01.17	S16142.01.18	S16142.01.19	S16142.01.20	S16142.01.21	S16142.01.23	S16142.01.24	S16142.01.25	S16142.01.26	S16142.01.27	S16142.01.28	S16142.01.29	S16142.01.30	S16142.01.31	S16142.01.32	S16142.01.33	S16142.01.34	S16142.01.35	S16142.01.36	S16142.01.37	S16142.01.38	S16142.01.39	S16142.01.40	S16142.01.41	S16142.01.42	S16142.01.43	S16142.01.44	S16142.01.45	S16142.01.46	S16142.01.47	S16142.01.48	S16142.01.49	S16142.01.50	S16142.01.51	S16142.01.52	S16142.01.54	S16142.01.55	S16142.01.56	S16142.01.57	S16142.01.58	S16142.01.59
HPV6b	22	0	0	0	0	0	0	0	0	0	0	2	0	1	1907	8	0	0	0	0	0	28	0	0	0	0	0	0	0	0	0	0	0	0	0	0	0	0	0	0	0	0	0	0	0	0	0	0	0	0	0	0	0	0	0	0	0	0	0	0	0	0	0	0	0	0	0	0	0	0	0	0	0	0	0	0	0	0	0	0	0	0	0	0	0	0	2	0	1	0	0	405	0	0	5	0	0	5	0	0	14	0	6	0	0	0	2	0	0	1	1	0	0	0	0	0	0	0	0	0	0	0	0	0	0	0	0	0	0	24	0	0	0	0	0
HPV11	14	0	0	0	0	0	0	0	0	0	0	0	0	0	0	1	0	0	0	0	0	0	0	0	0	0	0	0	0	0	0	0	0	0	0	0	0	0	0	0	0	0	0	0	0	0	0	0	0	0	0	0	0	0	0	0	0	0	0	0	0	0	0	0	0	0	0	0	0	0	0	0	0	0	0	0	0	0	0	0	0	0	0	0	0	0	2	1	0	0	0	171	1	0	2	0	0	4	0	0	10	0	1	0	0	0	0	0	0	0	0	0	0	0	0	0	0	0	0	0	0	0	0	0	0	0	0	0	0	18	0	0	0	0	0
HPV16	921	4521	260022	11619	1036327	969792	1847	1881	481	716082	868222	1238	1036405	92066	992977	1988	961814	435155	2770	932814	946991	471	912593	219	781839	287	2844	762751	778716	815379	800360	1011051	884539	996637	792196	915852	640167	32078	728372	801050	170729	796	181	20152	312241	712402	80912	45648	806	734168	806731	45143	172328	37698	793560	403732	748393	77598	1550	179474	808795	1056616	916270	990848	914014	778178	12	1567	396	430558	58893	589857	885300	209	969265	450347	24056	157	465	487305	1399330	1031	110494	3583388	3337834	511633	731529	700087	627	140005	1072705	6202	125	4893	347789	288640	268229	173092	137544	1462832	384392	1073386	1136508	1187927	1115471	741	11576	2261	1355391	41832	978722	1317561	267823	288670	1309765	1394010	10595	16612	956754	2385	471	51032	1468353	325883	2523	23464	386570	7497	1335351	166393	958917	4279	44088	105457	1193352
HPV18	14	4	3	6	14	24	2094	13859	589412	60	4	604	23	7	21	1353	46	4453	668635	78	43	959816	32	896171	33	242	4514	14	2	3	7	6	37	18	71	108	13	456	49	133	11038	1067197	766545	644596	4865	1076	10447	111733	703062	622	0	16	33	29921	3	2938	2	4	15	11658	1	4	11	3	14	129	918273	721370	705	382	1545	46810	61	949294	165	2109	269512	563259	1199984	3747	11330	92	83094	16688	38	159149	100901	38501	939633	161	71	77036	790	1659	160165	245316	61740	64115	74387	11116	161027	831	146	65	257	879309	1053740	892470	3444	28958	3524	257	71984	696458	33622	368	1351001	963779	3011	301	1131667	3521	836	88571	1231566	2688	158	121	14	1577	3624	1338060	25117	74308	4608
HPV26	0	0	0	0	0	0	0	0	0	0	0	0	0	0	0	0	0	0	0	0	0	0	0	0	0	0	0	0	0	0	0	0	0	0	0	0	0	0	0	0	0	0	0	0	0	0	0	0	0	0	0	0	0	0	0	0	0	0	0	0	0	0	0	0	0	0	0	0	0	0	0	0	0	0	0	0	0	0	0	0	0	0	0	0	0	0	0	0	0	0	0	0	0	0	0	0	0	0	0	0	0	0	0	0	0	0	0	0	0	0	0	0	0	0	0	0	0	0	0	0	0	0	0	0	0	0	0	0	0	0	0	0	0	0	0
HPV30	0	0	0	0	0	0	0	0	0	0	0	0	0	0	0	0	0	0	0	0	0	0	0	0	0	0	0	0	0	0	0	0	0	0	0	0	0	0	0	0	0	0	0	0	0	0	0	0	0	0	0	0	0	0	0	0	0	0	0	0	0	0	0	0	0	0	0	0	0	0	0	0	0	0	0	0	0	0	0	0	0	0	0	0	0	0	0	0	0	0	0	0	0	0	0	0	0	0	0	0	0	0	0	0	0	0	0	0	0	0	0	0	0	0	0	0	0	0	0	0	0	0	0	0	0	0	0	0	0	0	0	0	0	0	0
HPV31	0	0	0	0	0	0	0	0	0	0	0	0	0	0	0	0	0	0	0	0	0	0	0	0	0	0	0	0	0	0	0	0	0	0	0	0	0	2	0	0	0	0	0	0	0	0	0	0	0	0	0	0	0	0	0	0	0	0	0	0	0	0	0	0	0	0	0	0	1	120	34516	8	0	0	0	0	0	0	3	13	2	5	3	2	1	213751	149	21	13	147	16	12493	465360	220	0	2	17	11	2	3	80498	1	0	1	5	1	0	8	3	2	1	1	0	2	4	6	1	1	2	1	1	52	6	1	42	845465	0	2	4	1	0	1	12	2	0
HPV33	0	0	0	0	0	0	0	0	0	0	0	1	0	0	0	2	0	0	0	0	0	0	0	0	22116	0	0	0	0	0	0	0	0	0	0	0	0	2	0	0	0	0	0	0	0	0	0	0	0	0	0	0	0	0	0	0	0	0	0	0	0	0	0	0	0	0	0	0	0	0	0	0	0	0	0	0	0	0	6	0	0	2	2	0	0	3	7	2	5	5	7	10	0	2	9	3	0	0	3	2	4	3	5	12	20	8	11	13	3	3	14	1	3	1	1	7	2	4	38	1345592	849	17037	153	614592	4158	3326	6	14	3	13	4	7	0	3	0
HPV34	0	0	0	0	0	0	0	0	0	0	0	0	0	0	0	0	0	0	0	0	0	0	0	0	0	0	0	0	0	0	0	0	0	0	0	0	0	0	0	0	0	0	0	0	0	0	0	0	0	0	0	0	0	0	0	0	0	0	0	0	0	0	0	0	0	0	0	0	0	0	0	0	0	0	0	0	0	0	0	0	0	0	0	0	0	0	0	0	0	0	0	0	0	0	0	0	0	0	0	0	0	0	0	0	0	0	0	0	0	0	0	0	0	0	0	0	0	0	0	0	0	0	0	0	0	0	0	0	0	0	0	0	0	0	0
HPV35	0	0	0	0	0	0	0	0	0	0	0	0	0	0	0	2	0	0	0	0	0	0	0	0	0	0	0	0	0	0	0	0	0	0	0	0	0	3	0	0	0	0	0	0	0	0	0	0	0	0	0	0	0	0	0	0	0	0	0	0	0	0	0	0	0	0	0	0	0	0	0	0	0	0	0	0	0	0	7	0	0	0	0	0	0	6	23	5	0	4	12	14	0	7	5	0	0	0	5	0	0	3	8	4	27	12	8	25	0	0	11	0	0	0	0	0	0	3	14	0	6	0	0	7	0	0	411	54	25	11312	64	92	175	1	0
HPV39	0	0	0	0	0	0	0	0	0	0	0	0	0	0	0	0	0	0	0	0	0	0	0	0	0	0	0	0	0	0	0	0	0	0	0	0	0	0	0	0	0	0	0	0	0	0	0	0	0	0	0	0	0	0	0	0	0	0	0	0	0	0	0	0	0	0	0	0	0	0	0	0	0	0	0	0	0	0	0	0	0	0	0	0	0	0	0	0	0	0	0	171	0	0	0	0	0	0	0	0	0	0	0	0	0	0	0	0	0	0	0	0	0	0	0	0	0	0	0	0	0	0	0	0	0	0	0	0	0	0	0	0	0	0	0
HPV40	0	0	0	0	0	0	0	0	0	0	0	0	0	0	0	0	0	0	0	0	0	0	0	0	0	0	0	0	0	0	0	0	0	0	0	0	0	0	0	0	0	0	0	0	0	0	0	0	0	0	0	0	0	0	0	0	0	0	0	0	0	0	0	0	0	0	0	0	0	0	0	0	0	0	0	0	0	0	0	0	0	0	0	0	0	0	0	0	0	0	0	0	0	0	0	0	0	0	0	0	0	0	0	0	0	0	0	0	0	0	0	0	0	0	0	0	0	0	0	0	0	0	0	0	0	0	0	0	0	0	0	0	0	0	0
HPV42	0	0	0	0	0	0	0	0	0	0	0	0	0	0	0	0	0	0	0	0	0	0	0	0	0	0	0	0	0	0	0	0	0	0	0	0	0	0	0	0	0	0	0	0	0	0	0	0	0	0	0	0	0	0	0	0	0	0	0	0	0	0	0	0	0	0	0	0	0	0	0	0	0	0	0	0	0	0	0	0	0	0	0	0	0	0	0	0	0	0	0	0	0	0	0	0	0	0	0	0	0	0	0	0	0	0	0	0	0	0	0	0	0	0	0	0	0	0	0	0	0	0	0	0	0	0	0	0	0	0	0	0	0	0	0
HPV43	0	0	0	0	0	0	0	0	0	0	0	0	0	0	0	0	0	0	0	0	0	0	0	0	0	0	0	0	0	0	0	0	0	0	0	0	0	0	0	0	0	0	0	0	0	0	0	0	0	0	0	0	0	0	0	0	0	0	0	0	0	0	0	0	0	0	0	0	0	0	0	0	0	0	0	0	0	0	0	0	0	0	0	0	0	0	0	0	0	0	0	0	0	0	0	0	0	0	0	0	0	0	0	0	0	0	0	0	0	0	0	0	0	0	0	0	0	0	0	0	0	0	0	0	0	0	0	0	0	0	0	0	0	0	0
HPV44	0	0	0	0	0	0	0	0	0	0	0	0	0	0	0	0	0	0	0	0	0	0	0	0	0	0	0	0	0	0	0	0	0	0	0	0	0	0	0	0	0	0	0	0	0	0	0	0	0	0	0	0	0	0	0	0	0	0	0	0	0	0	0	0	0	0	0	0	0	0	0	0	0	0	0	0	0	0	0	0	0	0	0	0	0	0	0	0	0	0	0	0	0	0	0	0	0	0	0	0	0	0	0	0	0	0	0	0	0	0	0	0	0	0	0	0	0	0	0	0	0	0	0	0	0	0	0	0	0	0	0	0	0	0	0
HPV45	0	0	0	2	146	0	4186	2	0	0	0	0	0	0	0	0	0	0	0	0	0	0	0	0	0	0	0	0	0	0	0	0	0	0	78	0	0	0	0	0	0	0	0	0	0	0	0	0	0	0	0	0	0	0	0	0	4	0	2119	3	0	0	0	0	1	1	10	239	821796	273	954	1333	12	0	1	11	0	0	187	183	416	1417945	930977	143	87	2112	12	3	6	12	14	9	0	7	5	190	0	0	5	0	6	7	11	7	50	23	1299	56	5	3	21	3	4	18	3	9	10	8	12	4	13	1	7	13	5	3	3213	1332145	133	3413	37	210	159	86	6
HPV51	0	0	0	0	0	0	0	0	0	0	0	0	0	0	0	0	0	0	0	0	0	0	0	0	0	0	0	0	0	0	0	0	0	0	0	0	0	0	0	0	0	0	0	0	0	0	0	0	0	0	0	0	0	0	0	0	0	0	0	0	0	0	0	0	0	0	0	0	0	0	0	0	0	0	0	0	0	0	0	0	0	0	0	0	0	0	0	0	0	0	0	0	0	0	0	0	0	0	0	0	0	0	0	0	0	0	0	0	0	0	0	0	0	0	0	0	0	0	0	0	0	0	0	0	0	0	0	0	0	0	0	0	0	0	0
HPV52	0	0	0	0	0	0	0	0	0	0	0	0	0	0	0	0	0	0	0	0	0	0	0	0	0	0	0	0	0	0	0	0	0	0	0	0	0	0	0	0	0	0	0	0	0	0	0	0	0	0	0	0	0	0	0	0	0	0	0	0	0	0	0	0	0	0	0	0	0	0	0	0	0	0	0	0	0	0	0	0	0	0	0	0	0	0	0	0	0	3	0	0	0	0	0	0	0	0	0	0	0	0	0	0	0	0	0	0	0	0	0	0	0	0	0	0	0	0	0	0	0	0	0	0	0	0	0	0	0	0	0	0	0	0	0
HPV53	0	0	0	0	0	0	0	0	0	0	0	0	0	0	0	0	0	0	0	0	0	0	0	0	0	0	0	0	0	0	0	0	0	0	0	0	0	0	0	0	0	0	0	0	0	0	0	0	0	0	0	0	0	0	0	0	0	0	0	0	0	0	0	0	0	0	0	0	0	0	0	0	0	0	0	0	0	0	0	0	0	0	0	0	0	0	0	0	0	0	0	0	0	0	0	0	0	0	0	0	0	0	0	0	0	0	0	0	0	0	0	0	0	0	0	0	0	0	0	0	0	0	0	0	0	0	0	0	0	0	0	0	0	0	0
HPV54	0	0	0	0	0	0	0	0	0	0	0	0	0	0	0	0	0	0	0	0	0	0	0	0	0	0	0	0	0	0	0	0	0	0	0	0	0	0	0	0	0	0	0	0	0	0	0	0	0	0	0	0	0	0	0	0	0	0	0	0	0	0	0	0	0	0	0	0	0	0	0	0	0	0	0	0	0	0	0	0	0	0	0	0	0	0	0	0	0	0	0	0	0	0	0	0	0	0	0	0	0	0	0	0	0	0	0	0	0	0	0	0	0	0	0	0	0	0	0	0	0	0	0	0	0	0	0	0	0	0	0	0	0	0	0
HPV56	0	0	0	0	0	0	0	0	0	0	0	0	0	0	0	0	0	0	0	0	0	0	0	0	0	0	0	0	0	0	0	0	0	0	0	0	0	0	0	0	0	0	0	0	0	0	0	0	0	0	0	0	0	0	0	0	0	0	0	0	0	0	0	0	0	0	0	0	0	0	0	0	0	0	0	0	0	0	0	0	0	0	0	0	0	0	0	0	0	0	0	0	0	0	0	0	0	0	0	0	0	0	0	0	0	0	0	0	0	0	0	0	0	0	0	0	0	0	0	0	0	0	0	0	0	0	0	0	0	0	0	0	0	0	0
HPV58	3	235	3	5	393	5	4	6	0	2	3	47	10	3	7	174	7	3	1	4	25	3	32	13	40103	1052701	34	282	2	4	5	1	12	5	1073	409	651	408434	5197	11	178327	2604	3856	105601	161147	12	76623	187241	92	138	439	397278	305	336888	22	93117	622	244730	11090	275296	28	23	29	5	12	3033	1048	13859	11204	86965	209273	92	9	3108	205	285768	1906	9402	46595	21383	73203	16601	184729	32302	18625	309085	271709	173290	238284	897562	3511	878802	11019	21322	330176	436132	248304	251949	416496	47401	771651	7015	143534	3515	2709	1831	11618	6987	13804	1692152	5358	973	707492	132014	129454	4679	73704	18582	3400	15723	15026	398394	11246	4269	22326	159683	1035292	19570	3049	844642	15735	20264	82362	219764	7964
HPV59	3	0	1	2	4	5	795218	187	0	1	2	79	4	0	8	1039	9	400947	5	2	2	5	12	31	2	2	43	5	0	2	1	1	10	12	0	0	0	0	0	0	0	0	5	39	1230	20	408875	195	9	3	0	0	1	0	1	3724	0	1	0	0	1	0	0	0	0	0	0	0	0	0	0	0	0	0	0	0	0	0	0	0	0	1	0	0	0	0	0	0	1	40461	2	3	0	0	0	0	0	0	0	0	1	0	1	0	1	1	0	0	1	0	1	3	249845	11	14	1	0	0	1	0	0	11	0	362	4	3	0	0	1	0	0	0	0	2	2
HPV61	0	0	0	0	0	0	0	0	0	0	0	0	0	0	0	0	0	0	0	0	0	0	0	0	0	0	0	0	0	0	0	0	0	0	0	0	0	0	0	0	0	0	0	0	0	0	0	0	0	0	0	0	0	0	0	0	0	0	0	0	0	0	0	0	0	0	0	0	0	0	0	0	0	0	0	0	0	0	0	0	0	0	0	0	0	0	0	0	0	0	0	0	0	0	0	0	0	0	0	0	0	0	0	0	0	0	0	0	0	0	0	0	0	0	0	0	0	0	0	0	0	0	0	0	0	0	0	0	0	0	0	0	0	0	0
HPV66	0	0	0	0	0	0	0	0	0	0	0	0	0	0	0	0	0	0	0	0	0	0	0	0	0	0	0	0	0	0	0	0	0	0	0	0	0	0	0	0	0	0	0	0	0	0	0	0	0	0	0	0	0	0	0	0	0	0	0	0	0	0	0	0	0	0	0	0	0	0	0	0	0	0	0	0	0	0	0	0	0	0	0	0	0	0	0	0	0	0	0	0	0	0	0	0	0	0	0	0	0	0	0	0	0	0	0	0	0	0	0	0	0	0	0	0	0	0	0	0	0	0	0	0	0	0	0	0	0	0	0	0	0	0	0
HPV67	0	0	0	0	0	0	0	0	0	0	0	0	0	0	0	0	0	0	0	0	0	0	0	0	0	0	0	0	0	0	0	0	0	0	0	0	0	0	0	0	0	0	0	0	0	0	0	0	0	0	0	0	0	0	0	1	0	0	0	0	0	0	0	0	0	0	0	0	0	0	0	0	0	0	0	0	0	0	15	0	0	0	0	0	0	7	56	33	42	519	17	17651	726	1111130	7	1	2	1	34	0	1	7	4	3	24	10	12	20	0	0	8	0	0	0	1	1	0	3	15	0	7	4	1	10	7	131586	0	7	0	6	8	0	0	0	0
HPV68	0	0	0	0	0	0	0	0	0	0	0	0	0	0	0	0	0	0	0	0	0	0	0	0	0	0	0	0	0	0	0	0	0	0	0	0	0	0	0	0	0	0	0	0	0	0	0	0	0	0	0	0	0	0	0	0	0	0	0	0	0	0	0	0	0	0	0	0	0	0	0	0	0	0	0	0	0	0	0	0	0	0	0	0	0	0	0	0	0	0	0	0	0	0	0	0	0	0	0	0	0	0	0	0	0	0	0	0	0	0	0	0	0	0	0	0	0	0	0	0	0	0	0	0	0	0	0	0	0	0	0	0	0	0	0
HPV69	0	0	0	0	0	0	0	0	0	0	0	0	0	0	0	0	0	0	0	0	0	0	0	0	0	0	0	0	0	0	0	0	0	0	0	0	0	0	0	0	0	0	0	0	0	0	0	0	0	0	0	0	0	0	0	0	0	0	0	0	0	0	0	0	0	0	0	0	0	0	0	0	0	0	0	0	0	0	0	0	0	0	0	0	0	0	0	0	0	0	0	0	0	0	0	0	0	0	0	0	0	0	0	0	0	0	0	0	0	0	0	0	0	0	0	0	0	0	0	0	0	0	0	0	0	0	0	0	0	0	0	0	0	0	0
HPV70	0	0	1	2	236	0	0	0	0	0	0	0	0	0	0	0	0	0	0	0	0	0	0	0	0	0	0	0	0	0	0	0	0	0	0	0	0	0	0	0	0	0	0	0	0	0	0	0	0	0	0	0	0	0	0	0	0	0	0	0	0	0	0	0	0	0	0	0	0	0	0	0	0	0	0	0	0	0	0	0	0	0	0	0	0	0	0	0	0	0	0	0	0	0	0	0	0	0	0	0	0	0	0	0	0	0	0	0	0	0	0	0	0	0	0	0	0	0	0	0	0	0	0	0	0	0	0	0	0	0	0	0	0	0	0
HPV72b	0	0	0	0	0	0	0	0	0	0	0	0	0	0	0	0	0	0	0	0	0	0	0	0	0	0	0	0	0	0	0	0	0	0	0	0	0	0	0	0	0	0	0	0	0	0	0	0	0	0	0	0	0	0	0	0	0	0	0	0	0	0	0	0	0	0	0	0	0	0	0	0	0	0	0	0	0	0	0	0	0	0	0	0	0	0	0	0	0	0	0	0	0	0	0	0	0	0	0	0	0	0	0	0	0	0	0	0	0	0	0	0	0	0	0	0	0	0	0	0	0	0	0	0	0	0	0	0	0	0	0	0	0	0	0
HPV73	0	0	0	0	0	0	0	0	0	0	0	0	0	0	0	0	0	0	0	0	0	0	0	0	0	0	0	0	0	0	0	0	0	0	0	0	0	0	0	0	0	0	0	0	0	0	0	0	0	0	0	0	0	0	0	0	0	0	0	0	0	0	0	0	0	0	0	0	0	0	0	0	0	0	0	0	0	0	0	2	1	0	1	0	0	0	1	0	0	0	0	0	20	0	0	1	6	7	0	0	1	0	0	0	0	0	0	0	0	0	0	0	0	1	0	4	1	0	0	3	0	11	0	0	0	0	5	0	1	286	2	3	301476	765891	5
HPV81	0	0	0	0	0	0	0	1	0	0	0	1	0	0	0	0	0	0	0	0	0	0	0	0	0	0	0	0	0	0	0	0	0	0	0	0	0	0	0	0	0	0	0	0	0	0	0	0	0	0	0	0	0	0	0	0	0	0	0	0	0	0	0	0	0	0	0	0	0	0	0	0	0	0	0	0	0	0	0	0	0	0	0	0	0	0	0	0	0	0	0	2	0	0	0	0	0	0	0	0	1	0	0	0	0	0	0	0	0	0	0	0	0	0	0	0	0	0	0	0	0	0	0	0	0	0	0	0	0	1	0	0	0	0	0
HPV82	0	0	0	0	0	0	0	0	0	0	0	0	0	0	0	0	0	0	0	0	0	0	0	0	0	0	0	0	0	0	0	0	0	0	0	0	0	0	0	0	0	0	0	0	0	0	0	0	0	0	0	0	0	0	0	0	0	0	0	0	0	0	0	0	0	0	0	0	0	0	0	0	0	0	0	0	0	0	0	0	0	0	0	0	0	0	0	0	0	0	0	0	0	0	0	0	0	0	0	0	0	0	0	0	0	0	0	0	0	0	0	0	0	0	0	0	0	0	0	0	0	0	0	0	0	0	0	0	0	0	0	0	0	0	0
HPV85	0	0	0	0	0	0	0	0	0	0	0	0	0	0	0	0	0	0	0	0	0	0	0	0	0	0	0	0	0	0	0	0	0	0	0	0	0	0	0	0	0	0	0	0	0	0	0	0	0	0	0	0	0	0	0	0	0	0	0	0	0	0	0	0	0	0	0	0	0	0	0	0	0	0	0	0	0	0	0	0	0	0	0	0	0	0	0	0	0	0	0	0	0	0	0	0	0	0	0	0	0	0	0	0	0	0	0	0	0	0	0	0	0	0	0	0	0	0	0	0	0	0	0	0	0	0	0	0	0	0	0	0	0	0	0
HPV97	0	0	0	0	0	0	0	0	0	0	0	0	0	0	0	7	0	0	0	0	0	0	0	0	0	0	0	0	0	0	0	0	0	0	0	0	0	0	0	0	0	0	0	0	0	0	0	0	0	0	0	0	0	0	0	0	0	0	0	0	0	0	0	0	0	0	0	0	0	0	0	0	0	0	0	0	0	0	0	0	0	0	0	0	0	0	0	0	0	0	0	19	0	0	0	0	0	1	0	0	0	0	1	0	0	0	0	0	0	0	0	0	0	0	0	0	0	0	0	1	0	0	0	0	0	0	0	0	0	0	0	0	0	0	0
HUMAN_REF	568421	520797	536789	652107	34267	44792	28566	659853	8556	2322	95917	315008	55	446607	21424	188003	347	17068	622	6301	142	13052	85	645	33837	2071	425964	3930	2479	71	7200	25316	1145	892	1388	76	372	134898	4214	74	190283	1183	1100	37274	158275	34	53310	147370	139	571	477	218787	382729	235197	180	116337	1423	253767	11883	189428	322	71	86	203	61	3443	16802	11385	23079	120668	225863	90287	28	3545	232	65540	6235	5516	1854	801	4605	856	9655	1671	1325	28594	806	7843	13168	60304	179	99957	3318	2751	76858	16100	28240	16045	186090	8739	51222	413	2572	785	1701	284	1944	814	1703	26241	423	79	51379	5022	11694	969	10447	3843	212	2024	2671	52803	1914	894	2940	62589	51343	2647	656	44760	3793	3243	19442	77661	528
TOTAL	933994	750463	968279	868074	1089561	1033597	849025	919511	609583	724565	1009555	963251	1047058	760945	1035233	899008	970492	899931	684857	968185	965324	996080	930948	907738	899429	1070914	814552	780627	788083	823976	819136	1045618	906357	1035696	808966	923827	648040	657389	747046	812901	610121	1080532	778516	836211	719702	721426	656586	586100	713182	745346	817828	782600	644849	716426	804613	762409	761435	686090	889650	706984	819728	1064649	959172	1001252	922502	824024	990144	764982	908041	695769	574986	748641	894743	967846	1017812	818758	308920	586625	1288052	564401	1552803	1496402	1386751	3750748	3461795	1304630	1186867	939639	1233572	1195715	1205826	1441218	537743	1180573	1004858	1432250	649022	553561	1187083	1614983	1592817	1101626	1318950	1214519	1140624	906629	1114645	934588	1613346	1891432	1112657	1368025	1440188	1259956	1565247	1617926	1537115	1037359	991084	1440129	1184183	619545	1540552	1079030	1350755	1474645	1571867	1394322	1571071	1342177	1102741	1464136	569206	1529119	1421649
