HPV.type	comparison	min5.detection.diff	min5.FE.pvalue	min5.FE.fdr	min20.detection.diff	min20.FE.pvalue	min20.FE.fdr	limma.voom.pvalue	limma.voom.fdr	binomialGLM.pvalue	binomialGLM.fdr	linear.lm.1var.pvalue	linear.lm.1var.fdr	linear.lm.2var.pvalue	linear.lm.2var.fdr	log.lm.1var.pvalue	log.lm.1var.fdr	log.lm.2var.pvalue	log.lm.2var.fdr
HPV16	FFPE_vs_DNA	-12.4%	0.313987658854062	0.565177785937312	-23.6%	0.0717861711066364	0.610583446404343	0.295750309957459	0.295750309957459	0.277192848041909	0.623683908094295	0.00587624900630558	0.0528862410567502	0.00908497728790802	0.0817647955911722	0.10286270505407	0.259976697163972	0.117682315903172	0.24964880761157
HPV18	FFPE_vs_DNA	20.4%	0.0728665484662513	0.327899468098131	10.2%	0.381451317068592	0.675130839309944	9.63919503023285e-06	1.44587925453493e-05	0.0732635362417121	0.329685913087705	0.570398325581845	0.570398325581845	0.463432787588669	0.463432787588669	0.049994896354199	0.224977033593896	0.0468711242429063	0.210920059093078
HPV31	FFPE_vs_DNA	5.5%	0.548137779941578	0.822206669912367	4.8%	0.525101763907734	0.675130839309944	1.64047919051382e-08	4.92143757154147e-08	0.996014403796764	0.996109920295656	0.289052974612751	0.463677008074214	0.347972003256274	0.463432787588669	0.173317798109315	0.259976697163972	0.235243462171761	0.352865193257642
HPV33	FFPE_vs_DNA	3.6%	1	1	4.8%	0.525101763907734	0.675130839309944	4.50667731734618e-06	1.01400239640289e-05	0.996109920295656	0.996109920295656	0.360637672946611	0.463677008074214	0.326047032415976	0.463432787588669	0.406838003222356	0.406838003222356	0.417461400764331	0.434156952035688
HPV45	FFPE_vs_DNA	7.3%	0.303623591598275	0.565177785937312	9.5%	0.28856591170024	0.675130839309944	4.95915580172489e-11	2.2316201107762e-10	0.993685946919357	0.996109920295656	0.204502736993161	0.460131158234613	0.171020173369623	0.384795390081652	0.164604251547313	0.259976697163972	0.138693782006428	0.24964880761157
HPV58	FFPE_vs_DNA	36%	0.000983113508689952	0.00884802157820957	3.1%	1	1	5.56881157126467e-22	5.0119304141382e-21	0.00870280403125539	0.0783252362812985	0.0289993536740653	0.130497091533294	0.0418501522265114	0.16272240971127	2.97467961771037e-06	2.67721165593933e-05	3.96408103130326e-07	3.56767292817294e-06
HPV59	FFPE_vs_DNA	-6.2%	0.228821811100292	0.565177785937312	-8%	0.135685210312076	0.610583446404343	7.66817944781588e-05	9.85908786147755e-05	0.215862877283704	0.623683908094295	0.0679074128410405	0.203722238523122	0.0542408032370901	0.16272240971127	0.160483964734202	0.259976697163972	0.119051540607283	0.24964880761157
HPV67	FFPE_vs_DNA	3.6%	1	1	2.4%	1	1	6.13289652672963e-06	1.10392137481133e-05	0.996109920295651	0.996109920295656	0.443568582504648	0.499014655317729	0.447101243079055	0.463432787588669	0.305111604637118	0.383051189050044	0.366088101972617	0.434156952035688
HPV73	FFPE_vs_DNA	3.6%	1	1	4.8%	0.525101763907734	0.675130839309944	0.0319615223050361	0.0359567125931656	0.996109920295655	0.996109920295656	0.340522903638709	0.463677008074214	0.434212742471602	0.463432787588669	0.340489945822261	0.383051189050044	0.434156952035688	0.434156952035688
HPV16	FFPE_vs_Frozen	2.5%	0.82786720713779	1	-5.9%	0.6523719330493	0.892837079128203	0.950993604923216	0.95241046530406	0.807655352673802	0.995331912534422	0.175160559291374	0.459236824157449	0.0279048854919147	0.125571984713616	0.526235588625033	0.676588613946472	0.400533160867172	0.51497120682922
HPV18	FFPE_vs_Frozen	14.2%	0.171518065616791	0.771831295275558	4%	0.79363295922507	0.892837079128203	0.00434422322088057	0.00651633483132086	0.156485394071199	0.704184273320397	0.93740812058513	0.995643731998077	0.604072344412613	0.67958138746419	0.260939908273704	0.391409862410556	0.357632483652956	0.51497120682922
HPV31	FFPE_vs_Frozen	5.5%	0.274725274725275	0.774725274725275	4.8%	0.496503496503496	0.892837079128203	1.64582859091115e-10	4.93748577273344e-10	0.995217293337094	0.995331912534422	0.202841907855448	0.459236824157449	0.172551316416325	0.429331063037399	0.102143511849423	0.391409862410556	0.0720934168108049	0.324420375648622
HPV33	FFPE_vs_Frozen	3.6%	0.516483516483517	0.774725274725275	4.8%	0.496503496503496	0.892837079128203	3.22393077759038e-11	1.45076884991567e-10	0.995331912534422	0.995331912534422	0.255425507250899	0.459236824157449	0.310409001766891	0.558736203180404	0.170926932453582	0.391409862410556	0.188549333439745	0.343444143629233
HPV45	FFPE_vs_Frozen	1.7%	1	1	3.9%	0.680877200704165	0.892837079128203	0.00157102001436566	0.00282783602585819	0.747573804626229	0.995331912534422	0.995643731998077	0.995643731998077	0.842317764965846	0.842317764965846	0.76912841592856	0.76912841592856	0.92123088050096	0.92123088050096
HPV58	FFPE_vs_Frozen	23.3%	0.0213148582528556	0.191833724275701	-4%	0.697498179834157	0.892837079128203	3.20750466383469e-14	2.88675419745123e-13	0.0218635427282175	0.196771884553957	0.0626583388629237	0.459236824157449	6.64058036813752e-05	0.000597652233132377	0.00479235427426008	0.0431311884683407	1.82529415272204e-09	1.64276473744983e-08
HPV59	FFPE_vs_Frozen	-1%	1	1	-2.8%	0.461538461538462	0.892837079128203	0.95241046530406	0.95241046530406	0.761815100247617	0.995331912534422	0.351990222162123	0.459236824157449	0.442613659511706	0.569074705086479	0.670499953350614	0.754312447519441	0.847516322328876	0.92123088050096
HPV67	FFPE_vs_Frozen	3.6%	0.516483516483517	0.774725274725275	2.4%	1	1	4.79099980928303e-08	1.07797495708868e-07	0.995331912534416	0.995331912534422	0.357184196566905	0.459236824157449	0.375727901918302	0.563591852877452	0.217975526464681	0.391409862410556	0.185531250753724	0.343444143629233
HPV73	FFPE_vs_Frozen	3.6%	0.516483516483517	0.774725274725275	4.8%	0.496503496503496	0.892837079128203	0.00509180087864239	0.00654660112968308	0.995331912534421	0.995331912534422	0.25216923880995	0.459236824157449	0.190813805794399	0.429331063037399	0.25213691611296	0.391409862410556	0.190802302016241	0.343444143629233
HPV16	Frozen_vs_DNA	-14.9%	0.274788823072934	0.686972057682334	-17.7%	0.180521915368196	0.745409170431247	0.383017794377635	0.383017794377635	0.226859914337946	0.567149785844865	0.17361527059098	0.544429114057064	0.442468939191598	0.553086173989497	0.346851027658765	0.407095891846676	0.441562700942002	0.441562700942002
HPV18	Frozen_vs_DNA	6.2%	0.745409170431247	0.745409170431247	6.2%	0.745409170431247	0.745409170431247	0.196361203624183	0.245451504530229	0.549231710613393	0.686539638266741	0.578752428414309	0.578752428414309	0.368093108177792	0.553086173989497	0.407095891846676	0.407095891846676	0.323210754436805	0.404013443046006
HPV45	Frozen_vs_DNA	5.6%	0.508196721311476	0.702973048068908	5.6%	0.508196721311476	0.745409170431247	0.0149893899041231	0.0249823165068718	0.996010034712025	0.996010034712025	0.239042370700155	0.544429114057064	0.198067596755984	0.553086173989497	0.259370147744349	0.407095891846676	0.222824895792645	0.404013443046006
HPV58	Frozen_vs_DNA	12.7%	0.223188635278301	0.686972057682334	7.1%	0.639948382516014	0.745409170431247	0.000235136738632341	0.0011756836931617	0.159123771666734	0.567149785844865	0.435543291245651	0.544429114057064	0.597104526111457	0.597104526111457	0.0295033326233816	0.147516663116908	0.289921529354957	0.404013443046006
HPV59	Frozen_vs_DNA	-5.2%	0.562378438455127	0.702973048068908	-5.2%	0.562378438455127	0.745409170431247	0.00172857356423195	0.00432143391057988	0.374705045531106	0.624508409218509	0.346645712468756	0.544429114057064	0.303203826828633	0.553086173989497	0.396620503760113	0.407095891846676	0.322328122618174	0.404013443046006
